Episode: 100, Score: 2325.16
Episode: 200, Score: 2417.68
Episode: 300, Score: 2525.32
Episode: 400, Score: 2372.84
Episode: 500, Score: 2253.64
Episode: 600, Score: 2506.32
Episode: 700, Score: 2647.16
Episode: 800, Score: 2313
Episode: 900, Score: 2184.56
Episode: 1000, Score: 2278.8
0
0	0	0	4	
0	0	0	0	
0	0	0	0	
2	0	0	0	

0
2	0	0	4	
0	0	0	0	
0	2	0	0	
0	0	0	0	

0
2	2	0	4	
0	0	0	2	
0	0	0	0	
0	0	0	0	

1
0	0	4	4	
0	0	0	2	
0	0	0	2	
0	0	0	0	

3
8	0	0	0	
2	0	0	0	
2	0	0	0	
4	0	0	0	

0
8	0	0	0	
4	0	0	0	
4	0	0	0	
0	0	2	0	

0
8	0	2	0	
8	0	0	0	
0	0	0	0	
0	0	0	4	

0
16	0	2	4	
0	0	0	0	
0	0	0	2	
0	0	0	0	

0
16	0	2	4	
2	0	0	2	
0	0	0	0	
0	0	0	0	

1
0	16	2	4	
0	0	0	4	
0	0	0	0	
0	0	0	2	

0
0	16	2	8	
0	0	0	2	
0	0	0	0	
0	2	0	0	

0
0	16	2	8	
2	2	0	2	
0	0	0	0	
0	0	0	0	

1
0	16	2	8	
0	0	2	4	
0	0	0	0	
0	0	2	0	

0
0	16	4	8	
0	0	2	4	
0	0	0	0	
0	0	2	0	

0
0	16	4	8	
0	0	4	4	
0	0	0	0	
0	2	0	0	

0
0	16	8	8	
0	2	0	4	
0	0	0	0	
2	0	0	0	

0
2	16	8	8	
0	2	0	4	
0	0	0	0	
0	0	0	2	

1
0	2	16	16	
2	0	2	4	
0	0	0	0	
0	0	0	2	

1
0	0	2	32	
0	0	4	4	
0	2	0	0	
0	0	0	2	

0
0	2	2	32	
0	0	4	4	
0	0	0	2	
2	0	0	0	

0
2	2	2	32	
0	0	4	4	
0	2	0	2	
0	0	0	0	

3
4	2	32	0	
8	0	0	0	
4	0	0	0	
0	0	2	0	

0
4	2	32	0	
8	0	2	0	
4	0	0	0	
0	0	2	0	

0
4	2	32	2	
8	0	4	0	
4	0	0	0	
0	0	0	0	

3
4	2	32	2	
8	4	0	0	
4	0	0	0	
0	0	0	2	

0
4	2	32	4	
8	4	0	0	
4	0	0	0	
0	0	0	2	

0
4	2	32	4	
8	4	0	2	
4	0	0	0	
0	2	0	0	

0
4	2	32	4	
8	4	2	2	
4	2	0	0	
0	0	0	0	

3
4	2	32	4	
8	4	4	0	
4	2	0	2	
0	0	0	0	

3
4	2	32	4	
8	8	2	0	
4	4	0	0	
0	0	0	0	

3
4	2	32	4	
16	2	0	0	
8	2	0	0	
0	0	0	0	

0
4	4	32	4	
16	2	0	2	
8	0	0	0	
0	0	0	0	

3
8	32	4	0	
16	4	0	0	
8	0	2	0	
0	0	0	0	

0
8	32	4	0	
16	4	2	0	
8	0	0	2	
0	0	0	0	

0
8	32	4	2	
16	4	2	2	
8	0	0	0	
0	0	0	0	

0
8	32	4	4	
16	4	2	0	
8	0	0	0	
2	0	0	0	

1
0	8	32	8	
0	16	4	2	
0	0	2	8	
0	0	0	2	

3
8	32	8	0	
16	4	2	0	
2	8	0	0	
2	0	2	0	

0
8	32	8	0	
16	4	4	0	
4	8	0	0	
0	0	4	0	

0
8	32	8	0	
16	4	8	0	
4	8	0	2	
0	0	0	0	

0
8	32	16	2	
16	4	0	0	
4	8	0	0	
0	0	0	2	

0
8	32	16	4	
16	4	0	0	
4	8	0	0	
0	0	2	0	

0
8	32	16	4	
16	4	2	0	
4	8	0	2	
0	0	0	0	

0
8	32	16	4	
16	4	2	2	
4	8	0	0	
2	0	0	0	

1
8	32	16	4	
0	16	4	4	
0	2	4	8	
0	0	0	2	

0
8	32	16	8	
0	16	8	8	
4	2	0	2	
0	0	0	0	

3
8	32	16	8	
16	16	0	0	
4	4	0	0	
0	0	0	2	

0
8	32	16	8	
16	16	0	2	
4	4	0	0	
2	0	0	0	

1
8	32	16	8	
0	0	32	2	
0	0	0	8	
2	0	0	2	

0
8	32	16	8	
2	0	32	2	
0	0	0	8	
0	0	4	2	

0
8	32	16	8	
2	0	32	2	
0	0	4	8	
0	2	0	2	

0
8	32	16	8	
2	2	32	2	
0	0	4	8	
0	0	2	2	

3
8	32	16	8	
4	32	2	0	
4	8	0	0	
4	0	4	0	

0
8	64	16	8	
8	8	2	0	
4	2	4	0	
0	0	0	0	

0
16	64	16	8	
4	8	2	0	
2	2	4	0	
0	0	0	0	

3
16	64	16	8	
4	8	2	0	
4	4	0	2	
0	0	0	0	

0
16	64	16	8	
8	8	2	2	
0	4	0	0	
0	0	0	2	

0
16	64	16	8	
8	8	2	4	
0	4	0	0	
4	0	0	0	

0
16	64	16	8	
8	8	2	4	
4	4	0	0	
0	2	0	0	

1
16	64	16	8	
0	16	2	4	
0	2	0	8	
0	0	0	2	

1
16	64	16	8	
0	16	2	4	
0	0	2	8	
0	2	0	2	

0
16	64	16	8	
0	16	4	4	
0	2	0	8	
2	0	0	2	

0
16	64	16	8	
2	16	4	4	
0	2	0	8	
0	2	0	2	

0
16	64	16	8	
2	16	4	4	
0	4	0	8	
0	0	2	2	

0
16	64	16	8	
2	16	4	4	
0	4	2	8	
0	0	2	2	

0
16	64	16	8	
2	16	4	4	
2	4	4	8	
0	0	0	2	

1
16	64	16	8	
0	2	16	8	
4	2	8	8	
0	0	0	2	

0
16	64	32	16	
4	4	8	8	
2	0	0	2	
0	0	0	0	

3
16	64	32	16	
8	16	0	0	
4	0	0	0	
0	0	0	2	

0
16	64	32	16	
8	16	0	2	
4	2	0	0	
0	0	0	0	

3
16	64	32	16	
8	16	2	0	
4	2	0	0	
0	0	0	2	

0
16	64	32	16	
8	16	2	2	
4	2	0	0	
0	0	2	0	

0
16	64	32	16	
8	16	4	2	
4	2	2	0	
0	0	0	0	

3
16	64	32	16	
8	16	4	2	
4	4	0	0	
0	0	0	2	

0
16	64	32	16	
8	16	4	4	
4	4	2	0	
0	0	0	0	

3
16	64	32	16	
8	16	8	2	
8	2	0	0	
0	0	0	0	

0
16	64	32	16	
16	16	8	2	
0	2	0	0	
0	0	2	0	

0
32	64	32	16	
0	16	8	2	
0	2	2	0	
0	0	2	0	

0
32	64	32	16	
0	16	8	2	
0	2	4	2	
0	0	0	0	

0
32	64	32	16	
0	16	8	4	
0	2	4	0	
0	0	0	2	

0
32	64	32	16	
0	16	8	4	
0	2	4	2	
2	0	0	0	

0
32	64	32	16	
2	16	8	4	
0	2	4	2	
2	0	0	0	

0
32	64	32	16	
4	16	8	4	
0	2	4	2	
2	0	0	0	

0
32	64	32	16	
4	16	8	4	
2	2	4	2	
0	0	0	2	

0
32	64	32	16	
4	16	8	4	
2	2	4	4	
0	0	0	2	

0
32	64	32	16	
4	16	8	8	
2	2	4	2	
0	2	0	0	

0
32	64	32	16	
4	16	8	8	
2	4	4	2	
0	0	2	0	

1
32	64	32	16	
0	4	16	16	
0	2	8	2	
0	0	2	2	

0
32	64	32	32	
0	4	16	4	
0	2	8	2	
0	0	2	0	

1
0	32	64	64	
0	4	16	4	
0	2	8	2	
2	0	0	2	

0
2	32	64	64	
0	4	16	4	
2	2	8	4	
0	0	0	0	

3
2	32	128	0	
4	16	4	0	
4	8	4	0	
0	2	0	0	

1
2	2	32	128	
0	4	16	4	
0	4	8	4	
0	0	0	2	

0
2	2	32	128	
0	8	16	8	
0	0	8	2	
0	0	0	4	

3
4	32	128	2	
8	16	8	0	
8	2	0	0	
4	0	0	0	

0
4	32	128	2	
16	16	8	0	
4	2	0	0	
0	0	2	0	

0
4	32	128	2	
16	16	8	2	
4	2	2	0	
0	0	0	0	

3
4	32	128	2	
32	8	2	0	
4	4	0	0	
0	0	2	0	

0
4	32	128	2	
32	8	4	0	
4	4	2	0	
0	0	0	0	

3
4	32	128	2	
32	8	4	0	
8	2	2	0	
0	0	0	0	

3
4	32	128	2	
32	8	4	0	
8	4	0	0	
0	0	0	2	

0
4	32	128	4	
32	8	4	4	
8	4	0	0	
0	0	0	0	

0
4	32	128	8	
32	8	4	0	
8	4	0	2	
0	0	0	0	

0
4	32	128	8	
32	8	4	2	
8	4	0	2	
0	0	0	0	

0
4	32	128	8	
32	8	4	4	
8	4	0	0	
2	0	0	0	

1
4	32	128	8	
0	32	8	8	
0	0	8	4	
0	0	2	2	

0
4	64	128	16	
0	0	16	4	
0	0	2	2	
0	0	2	0	

0
4	64	128	16	
0	0	16	4	
0	2	4	2	
0	0	0	0	

3
4	64	128	16	
16	4	0	0	
2	4	2	0	
0	2	0	0	

0
4	64	128	16	
16	8	2	0	
2	2	0	0	
0	0	0	2	

0
4	64	128	16	
16	8	2	2	
2	2	0	2	
0	0	0	0	

3
4	64	128	16	
16	8	4	0	
4	2	0	0	
2	0	0	0	

1
4	64	128	16	
0	16	8	4	
0	2	4	2	
0	0	0	2	

0
4	64	128	16	
0	16	8	4	
2	2	4	4	
0	0	0	0	

3
4	64	128	16	
16	8	4	0	
4	8	0	0	
0	0	2	0	

0
4	64	128	16	
16	16	4	4	
4	0	2	0	
0	0	0	0	

3
4	64	128	16	
32	8	0	0	
4	2	0	0	
0	0	0	2	

0
4	64	128	16	
32	8	0	2	
4	2	0	0	
0	2	0	0	

0
4	64	128	16	
32	8	0	2	
4	4	0	2	
0	0	0	0	

3
4	64	128	16	
32	8	2	0	
8	2	2	0	
0	0	0	0	

0
4	64	128	16	
32	8	4	0	
8	2	0	2	
0	0	0	0	

3
4	64	128	16	
32	8	4	0	
8	4	0	0	
2	0	0	0	

1
4	64	128	16	
4	32	8	4	
0	0	8	4	
0	0	0	2	

0
8	64	128	16	
0	32	16	8	
0	0	2	2	
0	0	0	0	

3
8	64	128	16	
32	16	8	0	
4	0	2	0	
0	0	0	0	

3
8	64	128	16	
32	16	8	2	
4	2	0	0	
0	0	0	0	

1
8	64	128	16	
32	16	8	2	
0	0	4	2	
2	0	0	0	

0
8	64	128	16	
32	16	8	4	
2	0	4	0	
2	0	0	0	

0
8	64	128	16	
32	16	8	4	
4	0	4	0	
2	0	0	0	

1
8	64	128	16	
32	16	8	4	
0	0	0	8	
4	0	0	2	

0
8	64	128	16	
32	16	8	4	
4	0	0	8	
0	0	2	2	

0
8	64	128	16	
32	16	8	4	
4	0	2	8	
0	2	0	2	

0
8	64	128	16	
32	16	8	4	
4	2	2	8	
0	2	0	2	

0
8	64	128	16	
32	16	8	4	
4	4	2	8	
2	0	0	2	

3
8	64	128	16	
32	16	8	4	
8	2	8	0	
4	2	0	0	

0
8	64	128	16	
32	16	16	4	
8	4	0	0	
4	2	0	0	

3
8	64	128	16	
32	32	4	0	
8	4	2	0	
4	2	0	0	

1
8	64	128	16	
2	0	64	4	
0	8	4	2	
0	0	4	2	

0
8	64	128	16	
2	8	64	4	
0	0	8	4	
2	0	0	0	

0
8	64	128	16	
4	8	64	8	
0	2	8	0	
0	0	0	0	

3
8	64	128	16	
4	8	64	8	
2	8	0	0	
0	0	2	0	

0
8	64	128	16	
4	16	64	8	
2	0	2	0	
0	0	0	2	

0
8	64	128	16	
4	16	64	8	
2	0	2	2	
2	0	0	0	

0
8	64	128	16	
4	16	64	8	
4	0	2	2	
2	0	0	0	

0
8	64	128	16	
8	16	64	8	
2	2	2	2	
0	0	0	0	

3
8	64	128	16	
8	16	64	8	
4	4	0	2	
0	0	0	0	

3
8	64	128	16	
8	16	64	8	
8	2	0	0	
0	2	0	0	

0
16	64	128	16	
8	16	64	8	
0	4	0	0	
2	0	0	0	

0
16	64	128	16	
8	16	64	8	
2	4	0	0	
0	2	0	0	

1
16	64	128	16	
8	16	64	8	
2	0	2	4	
0	0	0	2	

1
16	64	128	16	
8	16	64	8	
2	0	4	4	
0	0	0	2	

1
16	64	128	16	
8	16	64	8	
0	0	2	8	
0	0	2	2	

0
16	64	128	16	
8	16	64	16	
0	4	4	2	
0	0	0	0	

0
16	64	128	32	
8	16	64	2	
0	4	4	0	
0	2	0	0	

1
16	64	128	32	
8	16	64	2	
0	0	0	8	
0	0	2	2	

0
16	64	128	32	
8	16	64	2	
0	0	2	8	
0	2	0	2	

0
16	64	128	32	
8	16	64	2	
0	2	2	8	
2	0	0	2	

0
16	64	128	32	
8	16	64	2	
2	2	2	8	
2	0	0	2	

0
16	64	128	32	
8	16	64	2	
4	2	2	8	
2	0	0	2	

3
16	64	128	32	
8	16	64	2	
4	4	8	0	
4	2	0	0	

0
16	64	128	32	
8	16	64	2	
8	4	8	0	
0	2	0	2	

0
16	64	128	32	
16	16	64	4	
2	4	8	0	
0	2	0	0	

1
16	64	128	32	
2	32	64	4	
0	2	4	8	
0	0	0	2	

3
16	64	128	32	
2	32	64	4	
2	4	8	0	
2	0	2	0	

0
16	64	128	32	
4	32	64	4	
2	4	8	2	
0	0	2	0	

1
16	64	128	32	
4	32	64	4	
2	4	8	2	
0	2	0	2	

0
16	64	128	32	
4	32	64	4	
2	4	8	4	
2	2	0	0	

1
16	64	128	32	
4	32	64	4	
2	4	8	4	
2	0	0	4	

0
16	64	128	32	
4	32	64	8	
4	4	8	4	
0	0	0	4	

0
16	64	128	32	
8	32	64	8	
0	4	8	8	
0	0	0	2	

0
16	64	128	32	
8	32	64	16	
0	4	8	2	
2	0	0	0	

0
16	64	128	32	
8	32	64	16	
2	4	8	2	
0	0	0	2	

0
16	64	128	32	
8	32	64	16	
2	4	8	4	
0	0	2	0	

1
16	64	128	32	
8	32	64	16	
2	4	8	4	
0	0	2	2	

1
16	64	128	32	
8	32	64	16	
2	4	8	4	
2	0	0	4	

0
16	64	128	32	
8	32	64	16	
4	4	8	8	
0	0	0	2	

1
16	64	128	32	
8	32	64	16	
2	0	8	16	
0	0	0	2	

0
16	64	128	32	
8	32	64	32	
2	0	8	2	
2	0	0	0	

0
16	64	128	64	
8	32	64	2	
4	0	8	0	
0	0	0	2	

0
16	64	128	64	
8	32	64	4	
4	0	8	0	
0	0	0	2	

0
16	64	128	64	
8	32	64	4	
4	0	8	2	
2	0	0	0	

1
16	64	128	64	
8	32	64	4	
0	4	8	2	
2	0	0	2	

0
16	64	128	64	
8	32	64	4	
2	4	8	4	
0	0	0	2	

0
16	64	128	64	
8	32	64	8	
2	4	8	2	
4	0	0	0	

1
16	64	128	64	
8	32	64	8	
2	4	8	2	
0	2	0	4	

3
16	64	128	64	
8	32	64	8	
2	4	8	2	
2	4	2	0	

0
16	64	128	64	
8	32	64	8	
4	8	8	2	
0	0	2	2	

3
16	64	128	64	
8	32	64	8	
4	16	2	2	
4	0	0	0	

0
16	64	128	64	
8	32	64	8	
8	16	2	2	
0	0	2	0	

0
16	64	128	64	
16	32	64	8	
0	16	4	2	
0	0	0	2	

0
32	64	128	64	
2	32	64	8	
0	16	4	4	
0	0	0	0	

3
32	64	128	64	
2	32	64	8	
16	8	0	0	
0	2	0	0	

1
32	64	128	64	
2	32	64	8	
0	0	16	8	
0	2	0	2	

0
32	64	128	64	
2	32	64	16	
0	2	16	2	
0	0	2	0	

1
32	64	128	64	
2	32	64	16	
2	2	16	2	
0	0	0	2	

0
32	64	128	64	
4	32	64	16	
0	2	16	4	
0	0	0	2	

3
32	64	128	64	
4	32	64	16	
2	16	4	0	
2	2	0	0	

1
32	64	128	64	
4	32	64	16	
0	2	16	4	
0	2	0	4	

0
32	64	128	64	
4	32	64	16	
2	4	16	8	
0	0	0	0	

2
0	2	0	0	
32	64	128	64	
4	32	64	16	
2	4	16	8	

0
32	2	128	64	
4	64	64	16	
2	32	16	8	
0	4	0	2	

1
32	2	128	64	
0	4	128	16	
2	32	16	8	
0	4	4	2	

0
32	2	256	64	
2	4	16	16	
0	32	4	8	
0	4	2	2	

1
32	2	256	64	
0	2	4	32	
0	32	4	8	
0	2	4	4	

0
32	4	256	64	
0	32	8	32	
0	2	4	8	
0	2	0	4	

3
32	4	256	64	
32	8	32	0	
2	4	8	0	
2	4	0	2	

0
64	4	256	64	
4	8	32	2	
0	8	8	0	
0	2	0	0	

0
64	4	256	64	
4	16	32	2	
0	2	8	0	
0	2	0	0	

0
64	4	256	64	
4	16	32	2	
0	4	8	0	
0	2	0	0	

1
64	4	256	64	
4	16	32	2	
0	0	4	8	
2	0	0	2	

0
64	4	256	64	
4	16	32	2	
2	0	4	8	
0	4	0	2	

0
64	4	256	64	
4	16	32	2	
2	4	4	8	
0	0	2	2	

3
64	4	256	64	
4	16	32	2	
2	8	8	0	
4	0	2	0	

3
64	4	256	64	
4	16	32	2	
2	16	0	0	
4	2	2	0	

0
64	4	256	64	
4	32	32	2	
2	2	2	0	
4	2	0	0	

0
64	4	256	64	
4	32	32	2	
2	4	2	2	
4	0	0	0	

1
64	4	256	64	
0	4	64	2	
2	2	4	4	
0	0	0	4	

0
64	8	256	64	
2	2	64	2	
2	0	4	8	
0	0	0	0	

3
64	8	256	64	
4	64	2	0	
2	4	8	0	
0	2	0	0	

1
64	8	256	64	
0	4	64	2	
0	2	4	8	
0	0	2	2	

3
64	8	256	64	
4	64	2	2	
2	4	8	0	
4	0	0	0	

3
64	8	256	64	
4	64	4	0	
2	4	8	0	
4	0	0	2	

0
64	8	256	64	
4	64	4	2	
2	4	8	2	
4	0	0	0	

0
64	8	256	64	
4	64	4	4	
2	4	8	0	
4	0	0	2	

0
64	8	256	64	
4	64	4	4	
2	4	8	2	
4	0	0	2	

1
64	8	256	64	
0	4	64	8	
2	4	8	2	
0	2	4	2	

0
64	8	256	64	
2	8	64	8	
0	2	8	4	
0	0	4	2	

3
64	8	256	64	
2	8	64	8	
2	8	4	0	
4	2	0	2	

0
64	16	256	64	
4	8	64	8	
4	2	4	2	
0	2	0	0	

0
64	16	256	64	
8	8	64	8	
0	4	4	2	
0	0	2	0	

1
64	16	256	64	
0	16	64	8	
0	0	8	2	
2	0	0	2	

0
64	32	256	64	
2	0	64	8	
0	0	8	4	
0	2	0	0	

0
64	32	256	64	
2	2	64	8	
0	0	8	4	
0	0	0	2	

1
64	32	256	64	
2	4	64	8	
0	0	8	4	
0	0	0	2	

3
64	32	256	64	
2	4	64	8	
8	4	2	0	
2	0	0	0	

1
64	32	256	64	
2	4	64	8	
2	8	4	2	
0	0	0	2	

0
64	32	256	64	
4	4	64	8	
0	8	4	4	
0	0	0	2	

1
64	32	256	64	
0	8	64	8	
0	0	8	8	
0	2	0	2	

0
64	32	256	64	
0	8	64	16	
0	2	8	2	
0	0	0	2	

0
64	32	256	64	
0	8	64	16	
0	2	8	4	
0	0	2	0	

1
64	32	256	64	
0	8	64	16	
2	2	8	4	
0	0	0	2	

1
64	32	256	64	
0	8	64	16	
0	4	8	4	
0	0	4	2	

3
64	32	256	64	
8	64	16	2	
4	8	4	0	
4	2	0	0	

0
64	32	256	64	
8	64	16	2	
8	8	4	0	
0	2	2	0	

1
64	32	256	64	
8	64	16	2	
0	2	16	4	
0	0	0	4	

0
64	32	256	64	
8	64	32	2	
4	2	0	8	
0	0	0	0	

3
64	32	256	64	
8	64	32	2	
4	2	8	0	
0	0	0	2	

0
64	32	256	64	
8	64	32	4	
4	2	8	0	
0	2	0	0	

0
64	32	256	64	
8	64	32	4	
4	4	8	0	
0	0	0	4	

0
64	32	256	64	
8	64	32	8	
4	4	8	2	
0	0	0	0	

3
64	32	256	64	
8	64	32	8	
8	8	2	0	
2	0	0	0	

0
64	32	256	64	
16	64	32	8	
2	8	2	0	
0	0	2	0	

0
64	32	256	64	
16	64	32	8	
2	8	4	0	
2	0	0	0	

0
64	32	256	64	
16	64	32	8	
4	8	4	0	
2	0	0	0	

1
64	32	256	64	
16	64	32	8	
4	4	8	4	
0	0	0	2	

1
64	32	256	64	
16	64	32	8	
0	8	8	4	
0	2	0	2	

1
64	32	256	64	
16	64	32	8	
2	0	16	4	
0	0	0	4	

0
64	32	256	64	
16	64	32	8	
2	0	16	8	
0	2	0	0	

0
64	32	256	64	
16	64	32	16	
2	2	16	0	
0	0	2	0	

1
64	32	256	64	
16	64	32	16	
0	0	4	16	
2	0	0	2	

0
64	32	256	64	
16	64	32	32	
2	2	4	2	
0	0	0	0	

3
64	32	256	64	
16	64	64	0	
4	4	2	0	
0	0	0	2	

1
64	32	256	64	
0	0	16	128	
0	2	8	2	
0	0	0	2	

0
64	32	256	64	
0	2	16	128	
0	0	8	4	
0	2	0	0	

0
64	32	256	64	
0	4	16	128	
0	2	8	4	
0	0	0	0	

3
64	32	256	64	
4	16	128	0	
2	8	4	4	
0	0	0	0	

3
64	32	256	64	
4	16	128	2	
2	8	8	0	
0	0	0	0	

3
64	32	256	64	
4	16	128	2	
2	16	0	0	
4	0	0	0	

0
64	32	256	64	
4	32	128	2	
2	0	0	2	
4	0	0	0	

1
64	32	256	64	
4	32	128	2	
0	2	0	4	
0	0	0	4	

0
64	64	256	64	
4	2	128	2	
0	0	2	8	
0	0	0	0	

3
128	256	64	0	
4	2	128	2	
2	8	2	0	
0	0	0	0	

0
128	256	64	2	
4	2	128	0	
2	8	2	0	
0	0	0	2	

0
128	256	64	4	
4	2	128	0	
2	8	2	0	
0	0	0	2	

0
128	256	64	4	
4	2	128	2	
2	8	2	0	
0	0	2	0	

0
128	256	64	4	
4	2	128	2	
2	8	4	0	
2	0	0	0	

0
128	256	64	4	
4	2	128	2	
4	8	4	0	
0	2	0	0	

1
128	256	64	4	
4	2	128	2	
0	4	8	4	
0	0	2	2	

1
128	256	64	4	
4	2	128	2	
0	4	8	4	
0	4	0	4	

0
128	256	64	4	
4	2	128	2	
2	8	8	8	
0	0	0	0	

3
128	256	64	4	
4	2	128	2	
2	16	8	2	
0	0	0	0	

0
128	256	64	4	
4	2	128	4	
2	16	8	0	
0	2	0	0	

1
128	256	64	4	
4	2	128	4	
0	2	16	8	
2	0	0	2	

0
128	256	64	8	
4	4	128	8	
2	0	16	2	
0	0	0	2	

0
128	256	64	16	
4	4	128	4	
2	0	16	0	
0	0	2	0	

1
128	256	64	16	
0	8	128	4	
0	2	2	16	
0	0	0	2	

1
128	256	64	16	
2	8	128	4	
0	0	4	16	
0	0	0	2	

3
128	256	64	16	
2	8	128	4	
4	16	0	0	
2	0	2	0	

0
128	256	64	16	
2	8	128	4	
4	16	2	0	
2	2	0	0	

3
128	256	64	16	
2	8	128	4	
4	16	2	0	
4	0	0	2	

0
128	256	64	16	
2	8	128	4	
8	16	2	2	
0	0	2	0	

0
128	256	64	16	
2	8	128	4	
8	16	4	2	
2	0	0	0	

1
128	256	64	16	
2	8	128	4	
8	16	4	2	
0	0	2	2	

0
128	256	64	16	
2	8	128	4	
8	16	4	4	
0	2	2	0	

3
128	256	64	16	
2	8	128	4	
8	16	8	2	
4	0	0	0	

1
128	256	64	16	
2	8	128	4	
8	16	8	2	
4	0	0	4	

1
128	256	64	16	
2	8	128	4	
8	16	8	2	
2	0	0	8	

3
128	256	64	16	
2	8	128	4	
8	16	8	2	
2	8	0	2	

1
128	256	64	16	
2	8	128	4	
8	16	8	2	
2	2	8	2	

1
128	256	64	16	
2	8	128	4	
8	16	8	2	
2	4	8	2	

0
128	256	64	16	
2	8	128	4	
8	16	16	4	
2	4	2	0	

3
128	256	64	16	
2	8	128	4	
8	32	4	0	
2	4	2	2	

0
128	256	64	16	
2	8	128	4	
8	32	4	2	
2	4	2	2	

2
128	256	64	2	
2	8	128	16	
8	32	4	4	
2	4	2	4	

3
128	256	64	2	
2	8	128	16	
8	32	8	2	
2	4	2	4	

Final score: 3776
